10
A0A2G5VHL3_9PELO/517-570   0.0000000 0.0224772 0.0224760 0.0224772 0.0224760 0.2443277 0.0451573 0.0451573 0.2709271 0.2443277 
A0A0N4XKA5_NIPBR/66-119    0.0224772 0.0000000 0.0455848 0.0000010 0.0455848 0.2737388 0.0686963 0.0686963 0.3007775 0.2737388 
A0A1I7YSF8_9BILA/619-672   0.0224760 0.0455848 0.0000000 0.0455848 0.0000010 0.2377973 0.0222677 0.0222677 0.2640610 0.2377973 
A0A0N4YQX2_NIPBR/267-320   0.0224772 0.0000010 0.0455848 0.0000000 0.0455848 0.2737388 0.0686963 0.0686963 0.3007775 0.2737388 
A0A1I7YRA4_9BILA/523-576   0.0224760 0.0455848 0.0000010 0.0455848 0.0000000 0.2377973 0.0222677 0.0222677 0.2640610 0.2377973 
A0A0K0F7S4_9BILA/546-599   0.2443277 0.2737388 0.2377973 0.2737388 0.2377973 0.0000000 0.2640610 0.2640610 0.0215690 0.0000010 
A0A0N5A8V2_9BILA/522-575   0.0451573 0.0686963 0.0222677 0.0686963 0.0222677 0.2640610 0.0000000 0.0000010 0.2368289 0.2640610 
A0A0N4UYK9_ENTVE/525-578   0.0451573 0.0686963 0.0222677 0.0686963 0.0222677 0.2640610 0.0000010 0.0000000 0.2368289 0.2640610 
A0A0K0DSB9_STRER/1529-1582 0.2709271 0.3007775 0.2640610 0.3007775 0.2640610 0.0215690 0.2368289 0.2368289 0.0000000 0.0215690 
A0A090LE89_STRRB/527-580   0.2443277 0.2737388 0.2377973 0.2737388 0.2377973 0.0000010 0.2640610 0.2640610 0.0215690 0.0000000 
